                AUC_L        AUC_D        AUC_T       AUC_r      avgS_L       avgS_D
AUC_L      1.00000000  0.277526890  0.642887229 -0.65412033  0.99633075  0.281448459
AUC_D      0.27752689  1.000000000  0.894078091  0.52632695  0.29199513  0.998999765
AUC_T      0.64288723  0.894078091  1.000000000  0.11658278  0.65855463  0.897457155
AUC_r     -0.65412033  0.526326947  0.116582777  1.00000000 -0.64248390  0.523800105
avgS_L     0.99633075  0.291995128  0.658554634 -0.64248390  1.00000000  0.296236065
avgS_D     0.28144846  0.998999765  0.897457155  0.52380010  0.29623607  1.000000000
avgS_T     0.64198460  0.899080896  0.996671600  0.11996008  0.65863652  0.901403832
avgA_L     0.40070185  0.083613261  0.257017041 -0.27877030  0.42258166  0.087294352
avgA_D    -0.19482306 -0.030280143 -0.132096270  0.11751203 -0.19871533 -0.050152655
avgJ_L    -0.06999878  0.027507420 -0.007863536  0.08131282 -0.05521210  0.028115646
avgJ_D    -0.01112956 -0.056119609 -0.029909521 -0.04025746 -0.00705141 -0.038880559
frzA      -0.02903386 -0.500154610 -0.405347930 -0.33647736 -0.03584296 -0.496410787
frzF       0.28496041  0.002323465  0.133547568 -0.24329398  0.29134792  0.007535179
strtlA    -0.14139980  0.399599090  0.254542932  0.42051348 -0.15079126  0.412854996
strtlAavg -0.14646606  0.486647126  0.328793152  0.49507482 -0.13937721  0.504116204
strtlF    -0.39962976  0.136875723 -0.066819144  0.45304761 -0.42008623  0.142575600
hbt_L      0.66556448  0.304025340  0.518735526 -0.34677199  0.65690169  0.309995277
hbt_D      0.04954514 -0.294184161 -0.182126565 -0.24348163  0.04537631 -0.279777810
                avgS_T      avgA_L      avgA_D       avgJ_L        avgJ_D        frzA
AUC_L      0.641984604  0.40070185 -0.19482306 -0.069998780 -0.0111295557 -0.02903386
AUC_D      0.899080896  0.08361326 -0.03028014  0.027507420 -0.0561196094 -0.50015461
AUC_T      0.996671600  0.25701704 -0.13209627 -0.007863536 -0.0299095205 -0.40534793
AUC_r      0.119960083 -0.27877030  0.11751203  0.081312821 -0.0402574592 -0.33647736
avgS_L     0.658636520  0.42258166 -0.19871533 -0.055212100 -0.0070514100 -0.03584296
avgS_D     0.901403832  0.08729435 -0.05015265  0.028115646 -0.0388805589 -0.49641079
avgS_T     1.000000000  0.25651894 -0.11233666 -0.007754936 -0.0269264719 -0.41440134
avgA_L     0.256518938  1.00000000 -0.12915902  0.272082196  0.0428204388 -0.10295545
avgA_D    -0.112336658 -0.12915902  1.00000000 -0.047393019 -0.1389872034 -0.08116475
avgJ_L    -0.007754936  0.27208220 -0.04739302  1.000000000  0.0409469858 -0.01115172
avgJ_D    -0.026926472  0.04282044 -0.13898720  0.040946986  1.0000000000 -0.03624621
frzA      -0.414401344 -0.10295545 -0.08116475 -0.011151723 -0.0362462097  1.00000000
frzF       0.136217280 -0.15177375 -0.12229188  0.013572359  0.0006437856  0.48639004
strtlA     0.251955948 -0.49118684 -0.47635434 -0.207195909  0.2515336648 -0.22528805
strtlAavg  0.326471216 -0.06289310 -0.58896759  0.095843880  0.3352398172 -0.28604848
strtlF    -0.071223868 -0.75082199 -0.18033611 -0.280206127  0.0869921888 -0.12160291
hbt_L      0.511420070  0.26022455 -0.23777770  0.077195089 -0.0118118146 -0.19863454
hbt_D     -0.207430869  0.01376410 -0.60915713  0.038139642  0.0467787827  0.20913252
                   frzF       strtlA   strtlAavg      strtlF       hbt_L       hbt_D
AUC_L      0.2849604113 -0.141399803 -0.14646606 -0.39962976  0.66556448  0.04954514
AUC_D      0.0023234647  0.399599090  0.48664713  0.13687572  0.30402534 -0.29418416
AUC_T      0.1335475679  0.254542932  0.32879315 -0.06681914  0.51873553 -0.18212657
AUC_r     -0.2432939807  0.420513482  0.49507482  0.45304761 -0.34677199 -0.24348163
avgS_L     0.2913479203 -0.150791256 -0.13937721 -0.42008623  0.65690169  0.04537631
avgS_D     0.0075351792  0.412854996  0.50411620  0.14257560  0.30999528 -0.27977781
avgS_T     0.1362172798  0.251955948  0.32647122 -0.07122387  0.51142007 -0.20743087
avgA_L    -0.1517737453 -0.491186839 -0.06289310 -0.75082199  0.26022455  0.01376410
avgA_D    -0.1222918801 -0.476354344 -0.58896759 -0.18033611 -0.23777770 -0.60915713
avgJ_L     0.0135723592 -0.207195909  0.09584388 -0.28020613  0.07719509  0.03813964
avgJ_D     0.0006437856  0.251533665  0.33523982  0.08699219 -0.01181181  0.04677878
frzA       0.4863900367 -0.225288054 -0.28604848 -0.12160291 -0.19863454  0.20913252
frzF       1.0000000000  0.009024977 -0.03429528 -0.06357055  0.06059841  0.09659650
strtlA     0.0090249774  1.000000000  0.82973529  0.78239163  0.03813886  0.16040261
strtlAavg -0.0342952835  0.829735289  1.00000000  0.47884999  0.10256427  0.17548900
strtlF    -0.0635705471  0.782391630  0.47884999  1.00000000 -0.13337630  0.09979449
hbt_L      0.0605984065  0.038138864  0.10256427 -0.13337630  1.00000000  0.12734944
hbt_D      0.0965964992  0.160402614  0.17548900  0.09979449  0.12734944  1.00000000
